18081796052
13885310497
13734617250
13726195403
15353076841
13125891043
18692503684
15787935412
15539421850
15956489132
13379514230
13567219408
18746039512
13485629714
13129071346
18086523174
14780795243
15131047986
15879648531
18893160852
13539604182
15150421768
15765413072
13067081453
13623584760
13447502638
15925931084
18592574183
15567180459
18645017689
15027158340
13776593014
15158924173
13510725683
18220495183
15283761520
15085347290
15761574283
15083541267
18590735284
15383620471
15383401275
13414296308
13503249817
18268235149
18536592714
18917095846
13550914628
13051607923
13462478193
13580937462
13084237069
18660751384
13965387129
13493720618
18867284305
13692613045
18914580372
18001328469
14705426713
18845602389
13074210386
13197423816
15393480621
13878350412
13184529671
18979853241
15683510276
18815867309
13676598143
18635641029
13314562930
15279651843
13456298073
13441862973
15053186927
13987564029
18065031729
13476183402
15252143786
15903674821
15161254907
13693682015
15730921867
15812073568
18594172358
15207463182
13275839462
15214850279
13708974651
15081074693
15910567492
15205392618
18957628413
15683561427
13015689032
13593804175
18879204168
15885076193
15913529607
15550392146
13451796803
13167492301
18276301492
13690318725
15791064328
13897610283
13760192784
15049238506
18545386712
13510423867
13681962073
15169510482
15675310648
18608943271
15957419628
18758309472
18719835640
13507654298
13950931768
18537815290
13552741389
15831570462
13237915240
18038049167
18678452190
15749386751
13856847213
13194736850
13507135624
15069145237
15257908423
14759167304
13951398624
18063215749
18245089123
15652498367
13659107438
18624139068
18230542691
13809384526
13963590127
13345326789
15621067358
13775439062
13642376980
13696057243
18517568902
18663871509
13547109532
13719704352
15291375840
15916508937
13207392184
18262371084
13647105396
15501432857
13018237604
15139462087
13657621984
15838720541
18095281306
15670354629
18005169487
13625709861
18658960471
18250813746
13349268710
18582163570
13858671932
15949287653
18570965834
18854108293
13339065178
18570145896
13893162047
13707396845
15135891760
18580496513
14739506872
15778140563
15243210569
13774298031
18996081735
13060741382
18869420871
15728165790
13913670485
13690614728
18861524983
13021976384
13328965301
14713789645
13254826709
15573964085
13301826347
15670839145
15243165870
13575934621
15728076541
13756172384
18550182936
14767238159
13124075139
15162074138
13316493728
13830412756
13821903485
13413620984
15696742035
13768123549
15127648913
13486310295
15075294618
13827319540
13430256714
13324076893
18262940513
13914738526
15086503247
13330472518
18567932041
15757961284
18959167084
15603146275
13154936102
15054327089
18647310269
18773946580
15206472915
13445682319
15654086173
15281574032
13897605843
14713527068
18264380159
15794781650
15597502346
15664970325
13576109325
